1 0.14036542824069925 0.6529861375432625 -0.6074753233284058 0.42997718809046453 -2.0490856872997982 4.291367845719214 -0.5690490935064546 1 rgb_0.png

2 0.016209892128848317 0.3609980269246839 -0.8921123823731648 0.27120686047723797 2.393866505937382 4.643805223629676 1.8135510693925916 1 rgb_10.png

3 0.08721401073424055 -0.17694131689634932 0.9427782897174902 -0.2688021263754924 3.6053348876297022 3.538860031757793 3.3410058191359675 1 rgb_15.png

4 0.05661313700262624 -0.08165154985148972 -0.9741998398565984 0.202639209307943 5.554705243650079 1.1354112159824763 2.8906778264254847 1 rgb_20.png

5 0.5053132646833053 -0.7284917270466158 0.26880867681395526 0.37643087470247316 -2.8473728722056975 -2.609524804740345 4.347056234853058 1 rgb_25.png

6 0.427266186021216 -0.7332494316107446 0.5027979893460279 0.16426521005677205 -3.8806124950551864 0.844553983148541 5.332687187764695 1 rgb_30.png

7 0.09131657029533356 -0.5047338211799166 0.7926267283045724 0.3296178443649729 0.8388815425228631 2.4350430197262045 6.251827695921893 1 rgb_35.png

8 0.6977700907328538 0.6915709142946167 -0.16917385709994437 -0.07890993001074337 -2.8458070835613345 3.757711083951128 2.1777345047953514 1 rgb_40.png

9 0.610798606175338 0.7702769130839521 -0.17991928076825756 0.03503701288572844 -3.192187368001345 3.0975840306317712 2.4953835728776492 1 rgb_45.png

10 0.07429959609547855 0.6890704799733963 -0.66843202348373 0.26992605215265675 -0.9300266170887161 4.654894142014721 1.038328475816821 1 rgb_5.png

11 0.6443531090559297 0.6637176890800971 -0.253295119894032 0.28307151444467316 -3.316941202834584 2.3102784853781215 -0.3969002047402632 1 rgb_50.png

